-200
-200
-197
-196
-194
-193
-189
-186
-184
-184
-181
-181
-177
-173
-173
-168
-168
-167
-166
-165
-153
-152
-151
-150
-147
-146
-146
-146
-144
-143
-141
-137
-131
-131
-130
-128
-127
-124
-121
-120
-119
-118
-118
-118
-116
-113
-113
-110
-107
-103
-101
-97
-93
-91
-90
-83
-80
-77
-76
-73
-72
-69
-61
-61
-61
-57
-54
-52
-50
-47
-44
-42
-41
-41
-41
-38
-38
-33
-32
-25
-24
-22
-19
-19
-18
-17
-15
-15
-14
-14
-12
-10
-5
-5
-5
-3
5
5
9
11
12
13
14
17
19
22
22
24
25
26
27
28
29
31
32
33
33
39
41
45
48
49
49
50
51
51
51
53
55
57
60
61
63
65
67
69
70
70
70
70
71
72
75
79
81
85
87
87
88
89
92
95
95
98
99
100
103
104
107
115
117
118
118
119
123
126
129
135
138
142
143
144
147
148
150
151
152
158
160
160
163
163
163
166
167
168
169
172
174
174
178
182
188
188
191
192
193
194
198
198
