200
195
191
190
190
189
188
186
183
181
178
176
173
173
172
172
171
171
170
169
167
166
159
158
157
153
152
152
149
145
145
143
140
139
135
133
132
127
126
126
124
123
123
121
120
120
116
116
116
113
109
109
108
107
101
100
99
98
97
95
87
81
77
70
69
68
67
61
58
58
58
57
57
56
54
53
51
51
48
48
48
44
43
43
41
41
40
40
34
31
27
26
24
22
21
19
19
18
18
15
12
11
5
5
1
1
1
-2
-4
-5
-7
-10
-11
-12
-13
-15
-17
-26
-27
-28
-31
-31
-32
-32
-33
-34
-37
-39
-52
-53
-58
-60
-62
-64
-66
-68
-69
-77
-78
-84
-87
-90
-90
-91
-91
-93
-95
-95
-96
-96
-97
-98
-99
-99
-100
-105
-108
-108
-109
-118
-119
-121
-121
-123
-125
-129
-134
-134
-135
-137
-139
-141
-143
-143
-145
-149
-150
-150
-151
-152
-152
-155
-156
-157
-161
-162
-165
-167
-169
-172
-176
-176
-182
-183
-187
-189
-194
-194
-194
-200
